012345678901234567890123456789012345678901234567890123456789012345678901234567890123456789012345678901234567890123456789

	012345678901234567890123456789012345678901234567890123456789012345678901234567890123456789012345678901234567890123456789

		012345678901234567890123456789012345678901234567890123456789012345678901234567890123456789012345678901234567890123456789

01234	56789	01234	56789	01234	56789	01234	56789	01234	56789	01234	56789	01234	56789

	01234	56789	01234	56789	01234	56789	01234	56789	01234	56789	01234	56789	01234

		01234	56789	01234	56789	01234	56789	01234	56789	01234	56789	01234	56789
